	Swedish	Icelandic	Estonian	Turkish	Twi	Sardinian	Romansch Ladina	Dutch	Danish	Latin	Hungarian	Norwegian	Welsh	Lithuanian	French	Catalan	Maltese	Afrikaans	Scots Gaelic	Slovene	Finnish	Latvian	English	Italian	Portuguese	Irish	German	Spanish (Lat. Am.)	Strine	Croatian	Spanish (Spain)	Czech / Slovak	Basque	Polish	Esperanto	Occitan	Breton
Swedish	0.0	0.5625	0.6	0.903225806452	0.863636363636	0.923076923077	0.825	0.666666666667	0.8125	0.826086956522	1.0	0.153846153846	0.875	0.916666666667	0.945945945946	1.0	0.785714285714	0.772727272727	0.972222222222	0.9375	0.941176470588	0.947368421053	1.0	0.714285714286	0.875	0.90625	0.928571428571	0.90243902439	0.958333333333	0.911764705882	0.909090909091	0.931034482759	0.944444444444	0.931034482759	0.7	0.948717948718	0.921052631579
Icelandic	0.5625	0.0	0.761904761905	0.75	0.851063829787	0.785714285714	0.895833333333	0.678571428571	0.952380952381	0.871794871795	0.730769230769	0.529411764706	0.888888888889	0.84375	0.870967741935	0.976744186047	0.733333333333	0.68	0.838709677419	0.914285714286	0.918918918919	0.8125	0.764705882353	0.766666666667	0.733333333333	0.787878787879	0.666666666667	0.766666666667	0.928571428571	0.891891891892	0.794871794872	0.90625	0.923076923077	0.942857142857	0.78125	0.9	0.853658536585
Estonian	0.6	0.761904761905	0.0	0.758620689655	0.865384615385	0.904761904762	0.895833333333	0.880952380952	0.815789473684	0.860465116279	0.870967741935	0.6	0.65625	0.820512820513	0.709677419355	0.842105263158	0.844444444444	0.766666666667	0.955555555556	0.864864864865	0.75	0.633333333333	0.875	0.678571428571	0.88	0.894736842105	0.885714285714	0.886363636364	0.714285714286	0.666666666667	0.893617021277	0.761904761905	0.897435897436	0.941176470588	0.913043478261	0.928571428571	0.840909090909
Turkish	0.903225806452	0.75	0.758620689655	0.0	0.756756756757	0.730769230769	0.705882352941	0.620689655172	0.75	0.68	0.925	0.9	0.88	0.866666666667	0.645161290323	0.78125	0.911111111111	0.545454545455	0.93023255814	0.833333333333	0.8	0.904761904762	0.703703703704	0.642857142857	0.8	0.957446808511	0.608695652174	0.758620689655	0.916666666667	0.846153846154	0.895833333333	0.818181818182	0.9	0.894736842105	0.769230769231	0.93023255814	0.735294117647
Twi	0.863636363636	0.851063829787	0.865384615385	0.756756756757	0.0	0.879310344828	0.611111111111	0.666666666667	0.901639344262	0.847826086957	0.912280701754	0.860465116279	0.83606557377	0.862068965517	0.666666666667	0.7	0.605263157895	0.648648648649	0.74358974359	0.717948717949	0.862745098039	0.822222222222	0.783783783784	0.866666666667	0.870967741935	0.913793103448	0.742857142857	0.866666666667	0.869565217391	0.736842105263	0.873015873016	0.75	0.782608695652	0.675675675676	0.621621621622	0.684210526316	0.55
Sardinian	0.923076923077	0.785714285714	0.904761904762	0.730769230769	0.879310344828	0.0	0.515151515152	0.705882352941	0.794871794872	0.829787234043	0.794117647059	0.921052631579	0.872727272727	0.847826086957	0.515151515152	0.675675675676	0.875	0.692307692308	0.941176470588	0.62962962963	0.823529411765	0.888888888889	0.653846153846	0.310344827586	0.454545454545	0.913043478261	0.653846153846	0.433333333333	0.90243902439	0.666666666667	0.545454545455	0.777777777778	0.805555555556	0.689655172414	0.5625	0.676470588235	0.606060606061
Romansch Ladina	0.825	0.895833333333	0.895833333333	0.705882352941	0.611111111111	0.515151515152	0.0	0.75	0.813953488372	0.826923076923	0.777777777778	0.78125	0.868852459016	0.849056603774	0.486486486486	0.611111111111	0.836734693878	0.705882352941	0.929824561404	0.85	0.794871794872	0.888888888889	0.735294117647	0.558823529412	0.617647058824	0.931034482759	0.714285714286	0.666666666667	0.883720930233	0.867924528302	0.578947368421	0.875	0.851063829787	0.735294117647	0.457142857143	0.647058823529	0.567567567568
Dutch	0.666666666667	0.678571428571	0.880952380952	0.620689655172	0.666666666667	0.705882352941	0.75	0.0	0.794871794872	0.810810810811	0.95652173913	0.692307692308	0.88679245283	0.735294117647	0.607142857143	0.960784313725	0.872340425532	0.375	0.959183673469	0.730769230769	0.828571428571	0.918367346939	0.6	0.645161290323	0.888888888889	0.96	0.6	0.766666666667	0.923076923077	0.741935483871	0.890909090909	0.857142857143	0.914893617021	0.714285714286	0.741935483871	0.92	0.647058823529
Danish	0.8125	0.952380952381	0.815789473684	0.75	0.901639344262	0.794871794872	0.813953488372	0.794871794872	0.0	0.837837837838	0.928571428571	0.806451612903	0.884615384615	0.891304347826	0.829268292683	0.733333333333	0.825	0.828571428571	0.689655172414	0.806451612903	0.931818181818	0.764705882353	0.975609756098	0.907407407407	0.910714285714	0.757575757576	0.794117647059	0.907407407407	0.891891891892	0.914893617021	0.912280701754	0.838709677419	0.938775510204	0.733333333333	0.805555555556	0.918367346939	0.775
Latin	0.826086956522	0.871794871795	0.860465116279	0.68	0.847826086957	0.829787234043	0.826923076923	0.810810810811	0.837837837838	0.0	0.794117647059	0.84375	0.756097560976	0.853658536585	0.666666666667	0.75	0.714285714286	0.741935483871	0.794117647059	0.787878787879	0.864864864865	0.860465116279	0.821428571429	0.851063829787	0.790697674419	0.918367346939	0.862068965517	0.783783783784	0.878787878788	0.652173913043	0.823529411765	0.625	0.868421052632	0.85	0.733333333333	0.833333333333	0.764705882353
Hungarian	1.0	0.730769230769	0.870967741935	0.925	0.912280701754	0.794117647059	0.777777777778	0.95652173913	0.928571428571	0.794117647059	0.0	0.75	0.921568627451	0.926829268293	0.90243902439	0.771428571429	0.757575757576	0.951219512195	0.828571428571	0.951219512195	0.833333333333	0.906976744186	1.0	0.75	0.805555555556	0.833333333333	0.974358974359	0.763157894737	0.739130434783	0.9	0.780487804878	0.914285714286	0.758620689655	0.75	0.853658536585	0.958333333333	0.813953488372
Norwegian	0.153846153846	0.529411764706	0.6	0.9	0.860465116279	0.921052631579	0.78125	0.692307692308	0.806451612903	0.84375	0.75	0.0	0.806451612903	0.914285714286	0.944444444444	1.0	0.857142857143	0.739130434783	0.851851851852	0.935483870968	0.939393939394	0.851851851852	1.0	0.9	0.871794871795	0.903225806452	0.925925925926	0.9	0.95652173913	0.909090909091	0.774193548387	0.928571428571	0.942857142857	0.928571428571	0.8	0.947368421053	0.891891891892
Welsh	0.875	0.888888888889	0.65625	0.88	0.83606557377	0.872727272727	0.868852459016	0.88679245283	0.884615384615	0.756097560976	0.921568627451	0.806451612903	0.0	0.840909090909	0.854166666667	0.809523809524	0.884615384615	0.875	0.888888888889	0.810810810811	0.741935483871	0.843137254902	0.888888888889	0.843137254902	0.851851851852	0.775	0.891304347826	0.830188679245	0.853658536585	0.86	0.823529411765	0.866666666667	0.857142857143	0.8	0.881355932203	0.80487804878	0.818181818182
Lithuanian	0.916666666667	0.84375	0.820512820513	0.866666666667	0.862068965517	0.847826086957	0.849056603774	0.735294117647	0.891304347826	0.853658536585	0.926829268293	0.914285714286	0.840909090909	0.0	0.75	0.842105263158	0.758620689655	0.880952380952	0.9375	0.730769230769	0.842105263158	0.735294117647	0.782608695652	0.854166666667	0.843137254902	0.938775510204	0.9	0.815789473684	0.882352941176	0.863636363636	0.774193548387	0.846153846154	0.90243902439	0.833333333333	0.875	0.857142857143	0.823529411765
French	0.945945945946	0.870967741935	0.709677419355	0.645161290323	0.666666666667	0.515151515152	0.486486486486	0.607142857143	0.829268292683	0.666666666667	0.90243902439	0.944444444444	0.854166666667	0.75	0.0	0.464285714286	0.901960784314	0.766666666667	0.645161290323	0.689655172414	0.783783783784	0.825	0.592592592593	0.548387096774	0.676470588235	0.980769230769	0.666666666667	0.636363636364	0.951219512195	0.805555555556	0.71875	0.766666666667	0.722222222222	0.678571428571	0.416666666667	0.533333333333	0.583333333333
Catalan	1.0	0.976744186047	0.842105263158	0.78125	0.7	0.675675675676	0.611111111111	0.960784313725	0.733333333333	0.75	0.771428571429	1.0	0.809523809524	0.842105263158	0.464285714286	0.0	0.906976744186	0.766666666667	0.771428571429	0.774193548387	0.655172413793	0.722222222222	0.785714285714	0.65625	0.545454545455	0.93023255814	0.977272727273	0.5	0.948717948718	0.757575757576	0.645161290323	0.806451612903	0.96	0.71875	0.647058823529	0.387096774194	0.722222222222
Maltese	0.785714285714	0.733333333333	0.844444444444	0.911111111111	0.605263157895	0.875	0.836734693878	0.872340425532	0.825	0.714285714286	0.757575757576	0.857142857143	0.884615384615	0.758620689655	0.901960784314	0.906976744186	0.0	0.860465116279	0.897959183673	0.860465116279	0.833333333333	0.846153846154	0.897435897436	0.74358974359	0.872727272727	0.863636363636	0.8125	0.867924528302	0.906976744186	0.857142857143	0.875	0.85	0.840909090909	0.9	0.833333333333	0.901960784314	0.892857142857
Afrikaans	0.772727272727	0.68	0.766666666667	0.545454545455	0.648648648649	0.692307692308	0.705882352941	0.375	0.828571428571	0.741935483871	0.951219512195	0.739130434783	0.875	0.880952380952	0.766666666667	0.766666666667	0.860465116279	0.0	0.857142857143	0.84375	0.806451612903	0.909090909091	0.571428571429	0.7	0.777777777778	0.838709677419	0.608695652174	0.714285714286	0.761904761905	0.837837837838	0.88	0.838709677419	0.806451612903	0.72	0.769230769231	0.911111111111	0.636363636364
Scots Gaelic	0.972222222222	0.838709677419	0.955555555556	0.93023255814	0.74358974359	0.941176470588	0.929824561404	0.959183673469	0.689655172414	0.794117647059	0.828571428571	0.851851851852	0.888888888889	0.9375	0.645161290323	0.771428571429	0.897959183673	0.857142857143	0.0	0.954545454545	0.95652173913	0.852941176471	1.0	0.853658536585	0.927272727273	0.620689655172	0.97619047619	0.857142857143	0.909090909091	0.906976744186	0.822222222222	0.846153846154	0.766666666667	0.951219512195	0.783783783784	0.938775510204	0.636363636364
Slovene	0.9375	0.914285714286	0.864864864865	0.833333333333	0.717948717949	0.62962962963	0.85	0.730769230769	0.806451612903	0.787878787879	0.951219512195	0.935483870968	0.810810810811	0.730769230769	0.689655172414	0.774193548387	0.860465116279	0.84375	0.954545454545	0.0	0.758620689655	0.76	0.55	0.633333333333	0.833333333333	0.955555555556	0.736842105263	0.825	0.911764705882	0.454545454545	0.769230769231	0.3	0.904761904762	0.272727272727	0.65625	0.740740740741	0.727272727273
Finnish	0.941176470588	0.918918918919	0.75	0.8	0.862745098039	0.823529411765	0.794871794872	0.828571428571	0.931818181818	0.864864864865	0.833333333333	0.939393939394	0.741935483871	0.842105263158	0.783783783784	0.655172413793	0.833333333333	0.806451612903	0.95652173913	0.758620689655	0.0	0.777777777778	0.84	0.805555555556	0.875	0.954545454545	0.777777777778	0.869565217391	0.935483870968	0.758620689655	0.877551020408	0.8	0.758620689655	0.724137931034	0.666666666667	0.794117647059	0.833333333333
Latvian	0.947368421053	0.8125	0.633333333333	0.904761904762	0.822222222222	0.888888888889	0.888888888889	0.918367346939	0.764705882353	0.860465116279	0.906976744186	0.851851851852	0.843137254902	0.735294117647	0.825	0.722222222222	0.846153846154	0.909090909091	0.852941176471	0.76	0.777777777778	0.0	0.95	0.862745098039	0.867924528302	0.815789473684	0.921052631579	0.862745098039	0.891891891892	0.64	0.87037037037	0.8	0.909090909091	0.894736842105	0.71875	0.897959183673	0.928571428571
English	1.0	0.764705882353	0.875	0.703703703704	0.783783783784	0.653846153846	0.735294117647	0.6	0.975609756098	0.821428571429	1.0	1.0	0.888888888889	0.782608695652	0.592592592593	0.785714285714	0.897435897436	0.571428571429	1.0	0.55	0.84	0.95	0.0	0.571428571429	0.911111111111	1.0	0.555555555556	0.833333333333	0.966666666667	0.769230769231	0.913043478261	0.6	0.947368421053	0.65	0.612903225806	0.785714285714	0.636363636364
Italian	0.714285714286	0.766666666667	0.678571428571	0.642857142857	0.866666666667	0.310344827586	0.558823529412	0.645161290323	0.907407407407	0.851063829787	0.75	0.9	0.843137254902	0.854166666667	0.548387096774	0.65625	0.74358974359	0.7	0.853658536585	0.633333333333	0.805555555556	0.862745098039	0.571428571429	0.0	0.34375	0.916666666667	0.607142857143	0.258064516129	0.883720930233	0.677419354839	0.382352941176	0.633333333333	0.78125	0.866666666667	0.641025641026	0.694444444444	0.6
Portuguese	0.875	0.733333333333	0.88	0.8	0.870967741935	0.454545454545	0.617647058824	0.888888888889	0.910714285714	0.790697674419	0.805555555556	0.871794871795	0.851851851852	0.843137254902	0.676470588235	0.545454545455	0.872727272727	0.777777777778	0.927272727273	0.833333333333	0.875	0.867924528302	0.911111111111	0.34375	0.0	0.882352941176	0.893617021277	0.2	0.842105263158	0.872340425532	0.363636363636	0.7	0.80487804878	0.829268292683	0.849056603774	0.714285714286	0.836363636364
Irish	0.90625	0.787878787879	0.894736842105	0.957446808511	0.913793103448	0.913043478261	0.931034482759	0.96	0.757575757576	0.918367346939	0.833333333333	0.903225806452	0.775	0.938775510204	0.980769230769	0.93023255814	0.863636363636	0.838709677419	0.620689655172	0.955555555556	0.954545454545	0.815789473684	1.0	0.916666666667	0.882352941176	0.0	0.974358974359	0.742857142857	0.833333333333	0.785714285714	0.833333333333	0.9	0.959183673469	0.977777777778	0.72972972973	0.757575757576	0.714285714286
German	0.928571428571	0.666666666667	0.885714285714	0.608695652174	0.742857142857	0.653846153846	0.714285714286	0.6	0.794117647059	0.862068965517	0.974358974359	0.925925925926	0.891304347826	0.9	0.666666666667	0.977272727273	0.8125	0.608695652174	0.97619047619	0.736842105263	0.777777777778	0.921052631579	0.555555555556	0.607142857143	0.893617021277	0.974358974359	0.0	0.794117647059	0.916666666667	0.727272727273	0.895833333333	0.8	0.878787878788	0.714285714286	0.633333333333	0.757575757576	0.742857142857
Spanish (Lat. Am.)	0.90243902439	0.766666666667	0.886363636364	0.758620689655	0.866666666667	0.433333333333	0.666666666667	0.766666666667	0.907407407407	0.783783783784	0.763157894737	0.9	0.830188679245	0.815789473684	0.636363636364	0.5	0.867924528302	0.714285714286	0.857142857143	0.825	0.869565217391	0.862745098039	0.833333333333	0.258064516129	0.2	0.742857142857	0.794117647059	0.0	0.883720930233	0.655172413793	0.193548387097	0.724137931034	0.74358974359	0.820512820513	0.707317073171	0.548387096774	0.694444444444
Strine	0.958333333333	0.928571428571	0.714285714286	0.916666666667	0.869565217391	0.90243902439	0.883720930233	0.923076923077	0.891891891892	0.878787878788	0.739130434783	0.95652173913	0.853658536585	0.882352941176	0.951219512195	0.948717948718	0.906976744186	0.761904761905	0.909090909091	0.911764705882	0.935483870968	0.891891891892	0.966666666667	0.883720930233	0.842105263158	0.833333333333	0.916666666667	0.883720930233	0.0	0.888888888889	0.846153846154	0.903225806452	0.939393939394	0.941176470588	0.878048780488	0.926829268293	0.833333333333
Croatian	0.911764705882	0.891891891892	0.666666666667	0.846153846154	0.736842105263	0.666666666667	0.867924528302	0.741935483871	0.914893617021	0.652173913043	0.9	0.909090909091	0.86	0.863636363636	0.805555555556	0.757575757576	0.857142857143	0.837837837838	0.906976744186	0.454545454545	0.758620689655	0.64	0.769230769231	0.677419354839	0.872340425532	0.785714285714	0.727272727273	0.655172413793	0.888888888889	0.0	0.865384615385	0.521739130435	0.846153846154	0.333333333333	0.612903225806	0.740740740741	0.764705882353
Spanish (Spain)	0.909090909091	0.794871794872	0.893617021277	0.895833333333	0.873015873016	0.545454545455	0.578947368421	0.890909090909	0.912280701754	0.823529411765	0.780487804878	0.774193548387	0.823529411765	0.774193548387	0.71875	0.645161290323	0.875	0.88	0.822222222222	0.769230769231	0.877551020408	0.87037037037	0.913043478261	0.382352941176	0.363636363636	0.833333333333	0.895833333333	0.193548387097	0.846153846154	0.865384615385	0.0	0.78125	0.862745098039	0.810810810811	0.666666666667	0.65625	0.87037037037
Czech / Slovak	0.931034482759	0.90625	0.761904761905	0.818181818182	0.75	0.777777777778	0.875	0.857142857143	0.838709677419	0.625	0.914285714286	0.928571428571	0.866666666667	0.846153846154	0.766666666667	0.806451612903	0.85	0.838709677419	0.846153846154	0.3	0.8	0.8	0.6	0.633333333333	0.7	0.9	0.8	0.724137931034	0.903225806452	0.521739130435	0.78125	0.0	0.914285714286	0.434782608696	0.828571428571	0.84375	0.909090909091
Basque	0.944444444444	0.923076923077	0.897435897436	0.9	0.782608695652	0.805555555556	0.851063829787	0.914893617021	0.938775510204	0.868421052632	0.758620689655	0.942857142857	0.857142857143	0.90243902439	0.722222222222	0.96	0.840909090909	0.806451612903	0.766666666667	0.904761904762	0.758620689655	0.909090909091	0.947368421053	0.78125	0.80487804878	0.959183673469	0.878787878788	0.74358974359	0.939393939394	0.846153846154	0.862745098039	0.914285714286	0.0	0.897435897436	0.685714285714	0.810810810811	0.837209302326
Polish	0.931034482759	0.942857142857	0.941176470588	0.894736842105	0.675675675676	0.689655172414	0.735294117647	0.714285714286	0.733333333333	0.85	0.75	0.928571428571	0.8	0.833333333333	0.678571428571	0.71875	0.9	0.72	0.951219512195	0.272727272727	0.724137931034	0.894736842105	0.65	0.866666666667	0.829268292683	0.977777777778	0.714285714286	0.820512820513	0.941176470588	0.333333333333	0.810810810811	0.434782608696	0.897435897436	0.0	0.71875	0.740740740741	0.875
Esperanto	0.7	0.78125	0.913043478261	0.769230769231	0.621621621622	0.5625	0.457142857143	0.741935483871	0.805555555556	0.733333333333	0.853658536585	0.8	0.881355932203	0.875	0.416666666667	0.647058823529	0.833333333333	0.769230769231	0.783783783784	0.65625	0.666666666667	0.71875	0.612903225806	0.641025641026	0.849056603774	0.72972972973	0.633333333333	0.707317073171	0.878048780488	0.612903225806	0.666666666667	0.828571428571	0.685714285714	0.71875	0.0	0.625	0.631578947368
Occitan	0.948717948718	0.9	0.928571428571	0.93023255814	0.684210526316	0.676470588235	0.647058823529	0.92	0.918367346939	0.833333333333	0.958333333333	0.947368421053	0.80487804878	0.857142857143	0.533333333333	0.387096774194	0.901960784314	0.911111111111	0.938775510204	0.740740740741	0.794117647059	0.897959183673	0.785714285714	0.694444444444	0.714285714286	0.757575757576	0.757575757576	0.548387096774	0.926829268293	0.740740740741	0.65625	0.84375	0.810810810811	0.740740740741	0.625	0.0	0.657142857143
Breton	0.921052631579	0.853658536585	0.840909090909	0.735294117647	0.55	0.606060606061	0.567567567568	0.647058823529	0.775	0.764705882353	0.813953488372	0.891891891892	0.818181818182	0.823529411765	0.583333333333	0.722222222222	0.892857142857	0.636363636364	0.636363636364	0.727272727273	0.833333333333	0.928571428571	0.636363636364	0.6	0.836363636364	0.714285714286	0.742857142857	0.694444444444	0.833333333333	0.764705882353	0.87037037037	0.909090909091	0.837209302326	0.875	0.631578947368	0.657142857143	0.0
